w1:0.370602657937
w2:0.286225320392
w3:0.331118046939
