w1:0.328242569302
w2:0.323012207271
w3:0.315733144354
