w1:0.331515727034
w2:0.355312620545
w3:0.312254618819
