w1:0.36655945795
w2:0.249614329256
w3:0.364708653533
