w1:0.322261586264
w2:0.332550352034
w3:0.323258670749
