w1:0.397688196398
w2:0.236727579709
w3:0.343211870027
