w1:0.41138832638
w2:0.312331108039
w3:0.254637851223
