w1:0.236871389085
w2:0.480393065742
w3:0.275965814296
