w1:0.50618206109
w2:0.0269979040446
w3:0.438661097096
