w1:0.365693488871
w2:0.370233765377
w3:0.271437243923
