w1:0.369097218753
w2:0.205327716445
w3:0.394535311914
