w1:0.339173086682
w2:0.278346696997
w3:0.37013747835
