w1:0.363199788957
w2:0.288614054684
w3:0.330571800248
