w1:0.262956339301
w2:0.491670151342
w3:0.231149789647
