w1:0.307447477532
w2:0.429878101618
w3:0.251063738823
