w1:0.483610078338
w2:0.130831792312
w3:0.353130037208
