w1:0.321947191012
w2:0.350900078796
w3:0.33543152592
