w1:0.366742583493
w2:0.302054316061
w3:0.319708571044
