w1:0.392231762437
w2:0.186659035486
w3:0.420320325066
