w1:0.786153842062
w2:-0.596144588946
w3:0.787104558996
