w1:0.51675342916
w2:-0.0112644486688
w3:0.48475846604
