w1:0.420690675941
w2:0.194824867714
w3:0.363997925656
