w1:0.906282836206
w2:-0.788435176076
w3:0.876520579849
