w1:0.449998650779
w2:0.106592700583
w3:0.420977454224
