w1:0.332550245421
w2:0.329557695888
w3:0.319075109262
