w1:1.03737668302
w2:-0.948705241121
w3:0.900927921859
