w1:0.456846004126
w2:0.135783808531
w3:0.405364747652
