w1:0.37310917471
w2:0.136943486572
w3:0.45407967428
