w1:0.321427223031
w2:0.328953450301
w3:0.32650754602
