w1:0.469263334987
w2:0.132480982393
w3:0.365639321368
