w1:0.340184052522
w2:0.325271301099
w3:0.309281254487
