w1:0.415774139648
w2:0.211327783586
w3:0.347258087551
