w1:0.276628409931
w2:0.34988510639
w3:0.35938688769
