w1:0.318688100404
w2:0.326896655143
w3:0.325756186233
