w1:0.310571413788
w2:0.345692498014
w3:0.333194578092
