w1:0.385866247476
w2:0.210319333836
w3:0.370483338276
