w1:0.33866852066
w2:0.32659623398
w3:0.318916663004
