w1:0.33169692045
w2:0.324305945008
w3:0.343059580577
