w1:0.325397220579
w2:0.32497977001
w3:0.324563133979
