w1:0.324639497378
w2:0.324807669898
w3:0.32491828823
