w1:0.324488442363
w2:0.324987250371
w3:0.325486465237
