w1:0.468164030968
w2:0.223326284768
w3:0.297112125671
