w1:0.336388062751
w2:0.266913481352
w3:0.392318910506
