w1:0.328196478707
w2:0.325408608138
w3:0.321626783122
