w1:0.324077348377
w2:0.324991536791
w3:0.325872319032
