w1:0.415893629737
w2:0.259088490989
w3:0.295455554498
