w1:0.308004304632
w2:0.25337473528
w3:0.411995116281
