w1:0.446407991559
w2:-0.050083879615
w3:0.576321959875
