w1:0.514959775725
w2:-0.0616253456588
w3:0.511564305837
