w1:0.39334965287
w2:0.291186846951
w3:0.294896155144
