w1:0.45557338763
w2:0.183385544533
w3:0.332626382391
