w1:0.307587217646
w2:0.327690669165
w3:0.33912541449
