w1:0.328289133733
w2:0.32678994101
w3:0.322322649563
