w1:0.331662214106
w2:0.330183339374
w3:0.318013963591
