w1:0.346459129154
w2:0.359264800012
w3:0.275535328139
