w1:0.318898324103
w2:0.324177604778
w3:0.347540399461
