w1:0.402323615568
w2:0.150988344862
w3:0.431669089524
