w1:0.139346809396
w2:0.657897012769
w3:0.195110267446
