w1:0.326478331051
w2:0.289884308509
w3:0.364868719536
