w1:0.453553107477
w2:-0.077160396902
w3:0.610062925543
