w1:0.546326665245
w2:-0.182882247061
w3:0.61059664358
