w1:0.295548917789
w2:0.436374690202
w3:0.267003761049
