w1:0.389886953291
w2:0.242067985957
w3:0.346616139615
