w1:0.330333235742
w2:0.325832831463
w3:0.321948593332
