w1:0.326426030872
w2:0.324915375285
w3:0.323602817038
