w1:0.316861034813
w2:0.324599375461
w3:0.333998291914
