w1:0.32454395028
w2:0.324993501651
w3:0.325430848008
