w1:0.32315323451
w2:0.327108252968
w3:0.331973849252
