w1:0.324437758499
w2:0.324986285344
w3:0.325535219107
