w1:0.296436278328
w2:0.333792146965
w3:0.348405647483
