w1:0.318066458111
w2:0.32622378793
w3:0.336534848583
