w1:0.313098920816
w2:0.324742401329
w3:0.337311029126
