w1:0.322008982617
w2:0.329183725869
w3:0.329336091342
