w1:0.681121056878
w2:-0.418489422873
w3:0.716351695065
