w1:0.495132474644
w2:0.000854471867391
w3:0.500088905245
