w1:0.0547900684268
w2:0.885722980275
w3:0.037478173761
