w1:0.320776968288
w2:0.336705590968
w3:0.327959030415
