w1:0.295619587445
w2:0.410097073886
w3:0.295932695589
