w1:0.317296800663
w2:0.32660003267
w3:0.338706002049
