w1:0.148672719888
w2:0.655931782989
w3:0.20217516643
