w1:0.344606573687
w2:0.311068041437
w3:0.34490332907
