w1:0.436411391163
w2:0.247268212654
w3:0.286919935226
