w1:0.325449245114
w2:0.291139155712
w3:0.362932471877
