w1:0.432201897817
w2:0.303627758936
w3:0.241078342549
