w1:0.336517483481
w2:0.325434766064
w3:0.307888299208
