w1:0.292086966218
w2:0.360272450099
w3:0.320342833422
