w1:0.552457188896
w2:-0.069574224095
w3:0.495990724586
