w1:0.393394640228
w2:0.162459088281
w3:0.424321544437
