w1:0.325979743244
w2:0.325655173786
w3:0.320195829201
