w1:0.313216538324
w2:0.332982114515
w3:0.328610152146
