w1:0.324541033823
w2:0.286528686369
w3:0.38576634186
