w1:0.325394140251
w2:0.324989431289
w3:0.32458512907
