w1:0.326560882441
w2:0.324301838595
w3:0.321492636997
