w1:0.408709482682
w2:0.256698529067
w3:0.329291384689
