w1:0.3690568422
w2:0.210325030153
w3:0.418672956362
