w1:0.30569446372
w2:0.331061840414
w3:0.342313592969
