w1:0.498947441017
w2:0.214435709489
w3:0.276181365936
