w1:0.308802240838
w2:0.324502882941
w3:0.344522227326
