w1:0.324201968861
w2:0.324845360856
w3:0.3254183055
