w1:0.331909168881
w2:0.325770353114
w3:0.322110086164
