w1:0.382269551952
w2:0.210957843554
w3:0.38414818308
