w1:0.332535339848
w2:0.330626007642
w3:0.325544105432
