w1:0.505086313534
w2:-0.0732933640391
w3:0.554184423184
