w1:0.309388170287
w2:0.304304665461
w3:0.374364810517
