w1:0.593292838185
w2:-0.157633593792
w3:0.544143676848
