w1:0.388051279309
w2:0.222230534509
w3:0.392331408389
