w1:0.325601947043
w2:0.329265917951
w3:0.326459769363
