w1:0.423815419029
w2:0.21550240398
w3:0.352100080601
