w1:0.61925292397
w2:-0.203133184237
w3:0.586529673224
