w1:0.339935115742
w2:0.329744361678
w3:0.325501668996
