w1:0.332088235132
w2:0.331703834109
w3:0.335365643495
