w1:0.33013136488
w2:0.326094956672
w3:0.328370313544
