w1:0.553904803914
w2:-0.174614148578
w3:0.608586725344
