w1:0.918364604304
w2:-0.874396108712
w3:0.935105137351
