w1:0.642738736659
w2:-0.30200318701
w3:0.648863236264
