w1:0.537822457243
w2:-0.125594614383
w3:0.578083399643
