w1:0.282326505552
w2:0.465499012722
w3:0.26629638023
