w1:0.324940188708
w2:0.325057352532
w3:0.324844253173
