w1:0.297561496547
w2:0.323972879631
w3:0.355961764467
