w1:0.390959336305
w2:0.324136961391
w3:0.265801713035
