w1:0.325530547038
w2:0.324985283372
w3:0.324440833532
