w1:0.30808142055
w2:0.329462976479
w3:0.35538745515
