w1:0.331539002844
w2:0.325605421221
w3:0.321096894859
