w1:0.329709927724
w2:0.329260245699
w3:0.340531533091
