w1:0.33372339131
w2:0.317418573897
w3:0.34777781476
