w1:0.307839792245
w2:0.338142844381
w3:0.33110922799
