w1:0.649022094361
w2:-0.445215189655
w3:0.782297358161
