w1:0.632057760202
w2:-0.366967643401
w3:0.709663957687
