w1:0.420719115268
w2:0.193372570251
w3:0.363784292088
