w1:0.453312298952
w2:0.0265755925238
w3:0.483552118803
