w1:0.366877711932
w2:0.256930456998
w3:0.355099087386
