w1:0.308388177795
w2:0.361283973008
w3:0.296620944208
