w1:0.431575580358
w2:0.246205478284
w3:0.304634186223
