w1:0.290345506044
w2:0.337816842636
w3:0.355214055427
