w1:0.319937479386
w2:0.329041494308
w3:0.330088462805
