w1:0.32342464728
w2:0.409507574762
w3:0.265971602073
