w1:0.444825009038
w2:0.2459161018
w3:0.275979053793
