w1:0.441854796588
w2:-0.0760403107216
w3:0.622980985343
