w1:0.360899816254
w2:0.100961371845
w3:0.513819150061
