w1:0.258086863267
w2:0.513758300227
w3:0.230440227889
