w1:0.299497639324
w2:0.322916108819
w3:0.350171619089
