w1:0.323043281635
w2:0.323860506139
w3:0.324179339292
