w1:0.421747094145
w2:0.124449147684
w3:0.426544490229
