w1:0.364044201442
w2:0.323349522162
w3:0.289031500663
