w1:0.272825208509
w2:0.391364499933
w3:0.320996259235
