w1:0.371513615941
w2:0.256021794524
w3:0.371845665593
