w1:0.279289447877
w2:0.272903195618
w3:0.429482056174
