w1:0.339351575738
w2:0.32483293499
w3:0.314223727495
