w1:0.304943252254
w2:0.331096305122
w3:0.34302649592
