w1:0.32209534821
w2:0.330496310368
w3:0.340925349316
