w1:0.323996830789
w2:0.314401748024
w3:0.353617456544
