w1:0.348937064738
w2:0.34957713572
w3:0.289991378549
