w1:0.31646780412
w2:0.325535231208
w3:0.335538830171
