w1:0.374557210001
w2:0.247294168184
w3:0.377840801222
