w1:0.325153989107
w2:0.324763751243
w3:0.3244044995
