w1:0.309245131622
w2:0.32363074172
w3:0.342757588377
