w1:0.325244243597
w2:0.325161878763
w3:0.324532760432
