w1:0.365257873967
w2:0.306100715091
w3:0.324615058831
