w1:0.325814471318
w2:0.325084224291
w3:0.324069810588
