w1:0.294642536085
w2:0.320164231137
w3:0.376878542683
