w1:0.325489896521
w2:0.324980452615
w3:0.32446612586
