w1:0.33750501708
w2:0.326690463055
w3:0.33689145666
