w1:0.455555835185
w2:-0.0543845463939
w3:0.578833209655
