w1:0.178956624633
w2:0.722967049284
w3:0.0853297426177
