w1:0.292445017867
w2:0.282214107911
w3:0.414211371705
