w1:0.321815790722
w2:0.34201728551
w3:0.322000070472
