w1:0.403602477305
w2:0.0452757795334
w3:0.529308525166
