w1:0.312202794992
w2:0.340799553081
w3:0.314064321036
