w1:0.334036712092
w2:0.345317496497
w3:0.306477968904
