w1:0.67832718336
w2:-0.517926963065
w3:0.810486462465
