w1:0.322324033517
w2:0.328426354633
w3:0.320737908815
