w1:0.311050021382
w2:0.346691383128
w3:0.317814520399
