w1:0.395874775681
w2:0.236550735571
w3:0.340326680413
