w1:0.305425360617
w2:0.318736869892
w3:0.343954890552
