w1:0.317931959973
w2:0.326245431026
w3:0.32941440608
