w1:0.335270795974
w2:0.32631287108
w3:0.312951350895
