w1:0.451559427725
w2:0.118034366283
w3:0.400878480613
