w1:0.524015459332
w2:-0.0351788626592
w3:0.48560921299
