w1:0.381738295275
w2:0.216843090244
w3:0.367162003649
