w1:0.316579853464
w2:0.31308006042
w3:0.341031813822
