w1:0.889992548386
w2:-0.870703685945
w3:0.959385237451
