w1:0.412830149622
w2:0.173753756856
w3:0.413510682982
