w1:0.711437764648
w2:-0.575409211533
w3:0.848591861165
