w1:0.325519502539
w2:0.326516014461
w3:0.325885903517
