w1:0.372108568195
w2:0.281722242267
w3:0.350587485966
