w1:0.498129509951
w2:-0.000647257137898
w3:0.485906370208
