w1:0.343578644196
w2:0.309167005867
w3:0.348974659762
