w1:0.592985891974
w2:-0.253334670242
w3:0.657024773152
