w1:0.321413141083
w2:0.329924507614
w3:0.330474307422
