w1:0.285253430506
w2:0.427093306283
w3:0.2738322082
