w1:0.923397643826
w2:-0.837831125798
w3:0.895456622875
