w1:0.45149753137
w2:0.101245697204
w3:0.453710891114
