w1:0.31454357505
w2:0.32996080735
w3:0.350629044591
