w1:0.442407666298
w2:0.105536905153
w3:0.454220490306
