w1:0.415983371678
w2:0.203584975317
w3:0.367615213516
