w1:0.324271439024
w2:0.32031714327
w3:0.339040712098
