w1:0.275461514751
w2:0.383436990253
w3:0.341585957678
