w1:0.320688351769
w2:0.327686354013
w3:0.339619179757
