w1:0.343866643097
w2:0.287688241251
w3:0.36195433371
