w1:0.327050710947
w2:0.324439355236
w3:0.330918504358
