w1:0.325744837008
w2:0.324979743822
w3:0.324215057817
