w1:0.352547949372
w2:0.324685357459
w3:0.301030761683
