w1:0.319950668731
w2:0.326444040953
w3:0.335192070699
