w1:0.305487432681
w2:0.387178331464
w3:0.307027538562
