w1:0.325802085969
w2:0.324978621197
w3:0.32415597093
