w1:0.645997561513
w2:-0.34543627466
w3:0.690181834735
