w1:0.204152222359
w2:0.649955814329
w3:0.156357910509
