w1:0.371262823598
w2:0.281027464125
w3:0.317408917277
