w1:0.347801812913
w2:0.255593842506
w3:0.369368157202
