w1:0.318200785094
w2:0.323082441821
w3:0.324646485503
