w1:0.342048195154
w2:0.170407988106
w3:0.447638983498
