w1:0.327858733758
w2:0.323952352055
w3:0.317345971233
