w1:0.286046610359
w2:0.319628669239
w3:0.356515371469
