w1:0.297408241405
w2:0.32817909129
w3:0.342346564792
