w1:0.571874591598
w2:0.155820126487
w3:0.262572599349
