w1:0.403920252561
w2:0.296316473205
w3:0.261748699697
