w1:0.344302948432
w2:0.310312536903
w3:0.344386921688
