w1:0.328634429297
w2:0.324947823048
w3:0.321539125545
