w1:0.386950355103
w2:0.312557364934
w3:0.284856989023
