w1:0.320789847829
w2:0.325316639519
w3:0.330035134453
