w1:0.325863858183
w2:0.324973791341
w3:0.32408250244
