w1:0.376663068919
w2:0.25682903959
w3:0.366003884712
