w1:0.320195901049
w2:0.324485343349
w3:0.33078948944
