w1:0.384646104426
w2:0.220695906872
w3:0.394442801331
