w1:0.360365586092
w2:0.344655702688
w3:0.272305570211
