w1:0.874584483907
w2:-0.812070119085
w3:0.914936787945
