w1:0.471126327756
w2:0.0682312121266
w3:0.454867816754
