w1:0.506461116736
w2:0.0335384826909
w3:0.45194993079
