w1:0.627376896686
w2:-0.240854599493
w3:0.604092882317
