w1:0.442899438584
w2:0.0960542271869
w3:0.441128009052
