w1:0.332994252346
w2:0.329455288681
w3:0.319156227723
