w1:0.639529807605
w2:-0.214409799378
w3:0.563722370459
