w1:0.5380937338
w2:-0.0645113619926
w3:0.502863924918
