w1:1.13195237145
w2:-1.32134322511
w3:1.17951089798
