w1:0.437663285012
w2:0.10989252962
w3:0.442823660889
