w1:0.443221590002
w2:0.0577827556856
w3:0.477187167819
