w1:0.203038581207
w2:0.59065290322
w3:0.191431497507
