w1:0.323596344624
w2:0.328417141954
w3:0.327704896671
