w1:0.532120018689
w2:-0.0923469640302
w3:0.540805690366
