w1:0.482478478642
w2:0.0106850616174
w3:0.486509561341
