w1:1.00603717064
w2:-1.00006696206
w3:0.985765279594
