w1:0.340661103022
w2:0.368250517673
w3:0.291998271258
