w1:0.387075669247
w2:0.224205204624
w3:0.388434405015
