w1:0.342858717131
w2:0.324695072175
w3:0.310720823667
