w1:0.325165804288
w2:0.325087033798
w3:0.324793991253
