w1:0.325313299093
w2:0.324914845027
w3:0.324483390166
