w1:0.321748348175
w2:0.325254353705
w3:0.328893264435
