w1:0.379311438945
w2:0.206678055371
w3:0.403285413087
