w1:0.370687805503
w2:0.323670968455
w3:0.287818768767
