w1:0.335879699516
w2:0.326689191238
w3:0.31815868657
