w1:0.301618886874
w2:0.319380277427
w3:0.372668802753
