w1:0.324271852734
w2:0.324963719713
w3:0.325657626395
