w1:0.32724729253
w2:0.325593828555
w3:0.32278339078
