w1:0.337337123123
w2:0.324318794418
w3:0.316032640975
