w1:0.489476908005
w2:0.182422368107
w3:0.317434660875
