w1:0.386374273024
w2:0.249216838493
w3:0.357669035165
