w1:0.325057140781
w2:0.327714390135
w3:0.331034360932
