w1:0.367399873287
w2:0.326704583829
w3:0.293864276145
