w1:0.313824760243
w2:0.328706613016
w3:0.332605200431
