w1:0.329808046523
w2:0.325340902375
w3:0.32123912939
