w1:0.32207966576
w2:0.363696735965
w3:0.31223262935
