w1:0.307511787726
w2:0.347602002698
w3:0.321152166726
