w1:0.424195172391
w2:0.114243604827
w3:0.428472139716
