w1:0.31299129429
w2:0.323781404636
w3:0.330289433983
