w1:0.337725413347
w2:0.289114415802
w3:0.343841607658
