w1:0.385015797377
w2:0.199550602451
w3:0.385390974035
