w1:0.218357271215
w2:0.467725318114
w3:0.295726227332
