w1:0.276649786589
w2:0.370788182273
w3:0.335682152969
