w1:0.366590472262
w2:0.245131140012
w3:0.358580903195
