w1:0.175653660194
w2:0.507198619574
w3:0.318923805887
