w1:0.338009864023
w2:0.339084719307
w3:0.30903778065
