w1:0.523938328921
w2:0.261335964974
w3:0.204261959254
