w1:0.388540444507
w2:0.311407999097
w3:0.280126971212
