w1:0.554182133296
w2:-0.162071290482
w3:0.590943126777
