w1:0.339461843698
w2:0.334255323843
w3:0.311171739624
