w1:0.446279449787
w2:0.0547563201609
w3:0.470734477198
