w1:0.462081506016
w2:0.0867397239633
w3:0.417344078164
