w1:0.320946668799
w2:0.317082093174
w3:0.34247461243
