w1:0.362534273918
w2:0.290456633782
w3:0.327452264138
