w1:0.318938274691
w2:0.308372688548
w3:0.370318373521
