w1:0.326940950799
w2:0.324866540358
w3:0.323544040922
