w1:0.326463054269
w2:0.325155983107
w3:0.323378629883
