w1:0.323259549885
w2:0.326900485907
w3:0.331770452781
