w1:0.3349989673
w2:0.328088170376
w3:0.313526790705
