w1:0.318023602624
w2:0.327756321188
w3:0.338429298499
