w1:0.320586008639
w2:0.326907348382
w3:0.334535038221
