w1:0.346571602763
w2:0.329205895335
w3:0.314759406673
