w1:0.324378941822
w2:0.324984950267
w3:0.325592179682
