w1:0.327685497699
w2:0.326399323539
w3:0.325713735579
