w1:0.324486014289
w2:0.324965959354
w3:0.325430028374
