w1:0.321789041337
w2:0.325770821031
w3:0.331218109581
