w1:0.345230234285
w2:0.326609632847
w3:0.311909984099
