w1:0.324157375943
w2:0.324977574914
w3:0.325798995632
