w1:0.313004396211
w2:0.310162151416
w3:0.374870281845
