w1:0.325424666857
w2:0.324976183373
w3:0.324528921915
