w1:0.315387381164
w2:0.241022611223
w3:0.440004509025
