w1:0.350616230038
w2:0.323526744238
w3:0.312907613385
