w1:0.427913830495
w2:0.187755425755
w3:0.357666446972
