w1:0.32405115463
w2:0.327011214502
w3:0.324165467907
