w1:0.311985846752
w2:0.338297017485
w3:0.34001165073
