w1:0.428332866534
w2:0.157442840033
w3:0.393824796482
