w1:0.41187058582
w2:0.172639326123
w3:0.389660913224
