w1:0.429652124745
w2:0.136369364509
w3:0.422779854245
