w1:0.376057249694
w2:0.196124931266
w3:0.405895095345
