w1:0.334233753806
w2:0.328257169784
w3:0.313121286046
