w1:0.380333266393
w2:0.279188086352
w3:0.320625324221
