w1:0.315100240987
w2:0.317412075235
w3:0.354658238026
