w1:0.346961880621
w2:0.350223419674
w3:0.304296880074
