w1:0.309817481747
w2:0.326236354882
w3:0.336396436058
