w1:0.344753279191
w2:0.273205610935
w3:0.358484793365
