w1:0.339117388982
w2:0.3248957008
w3:0.320233018235
