w1:0.395919120078
w2:0.2498009406
w3:0.328529671051
