w1:0.407668362802
w2:0.292940204704
w3:0.286436743827
