w1:0.291050788527
w2:0.276899229227
w3:0.410009495545
