w1:0.324205953526
w2:0.325751325249
w3:0.329270547915
