w1:0.324746534977
w2:0.328143463714
w3:0.335592899968
