w1:0.309866369637
w2:0.334615345754
w3:0.339401806972
