w1:0.491578476498
w2:0.0412706157462
w3:0.461850734868
