w1:0.266047731172
w2:0.406270592851
w3:0.313779238734
