w1:0.354522912248
w2:0.291206199387
w3:0.354430736938
