w1:0.652439991751
w2:-0.317255561817
w3:0.648796103927
