w1:0.329815636443
w2:0.32835970201
w3:0.321917761476
