w1:0.317352114374
w2:0.299187932605
w3:0.383443318826
