w1:0.72970011873
w2:-0.544686584997
w3:0.794096131262
