w1:0.323555109998
w2:0.335615127062
w3:0.32411068074
