w1:0.247772658307
w2:0.42924084401
w3:0.305079549913
