w1:0.473048207048
w2:0.106308498401
w3:0.394019597783
