w1:0.355333377901
w2:0.322823513923
w3:0.305168015674
