w1:0.356625231039
w2:0.325939230159
w3:0.3023541051
