w1:0.424902805944
w2:0.167133621629
w3:0.383795793316
