w1:0.258082491667
w2:0.361061468791
w3:0.36831140467
