w1:0.35984198881
w2:0.349930749836
w3:0.265369641806
