w1:0.335349917471
w2:0.333912044358
w3:0.315952454728
