w1:0.405596216715
w2:0.186857815328
w3:0.391853120197
