w1:0.38070268569
w2:0.320741925135
w3:0.290103698647
