w1:0.324711665477
w2:0.324969011919
w3:0.325227581878
