w1:0.3253879581
w2:0.324978674804
w3:0.324570613249
