w1:0.284427427639
w2:0.238089514609
w3:0.459759525659
