w1:0.429170181604
w2:0.298661359577
w3:0.259593318021
