w1:0.351780715149
w2:0.326988249882
w3:0.306783049296
