w1:0.330392827818
w2:0.325785229574
w3:0.32065195526
