w1:0.33380499981
w2:0.326220017445
w3:0.318209223656
