w1:0.406351172434
w2:0.310717283314
w3:0.26313955408
