w1:0.325440418095
w2:0.324976207055
w3:0.324507113866
