w1:0.30321955257
w2:0.325148813864
w3:0.354558208079
