w1:0.307975302075
w2:0.360573377816
w3:0.334660236209
