w1:0.328618133751
w2:0.331370985234
w3:0.316242152003
