w1:0.327541904762
w2:0.327541904762
w3:0.327541904762
