w1:0.378649469978
w2:0.206797865469
w3:0.411641908388
