w1:0.448629970547
w2:0.101050808178
w3:0.449892679695
