w1:0.325389286927
w2:0.324918961249
w3:0.324434395607
