w1:0.3051284367
w2:0.254935492057
w3:0.423530425729
