w1:0.307847278652
w2:0.471882881559
w3:0.215142703908
