w1:0.320867295905
w2:0.33960787071
w3:0.316724122842
