w1:0.441178208951
w2:0.1238362552
w3:0.402340947164
