w1:0.336559104125
w2:0.297090860645
w3:0.347384868388
