w1:0.312889239961
w2:0.328514131897
w3:0.336962681556
