w1:0.617475301466
w2:-0.153821638395
w3:0.503031462373
