w1:0.48375473257
w2:0.0955230377809
w3:0.403078689641
