w1:0.326739026084
w2:0.325686584122
w3:0.319109945918
