w1:0.526439643902
w2:-0.136168637141
w3:0.591797892941
