w1:0.329989943039
w2:0.335701605074
w3:0.333829731931
