w1:0.843933766536
w2:-0.734118177576
w3:0.870905134216
