w1:0.27394881086
w2:0.419268617989
w3:0.283637993216
