w1:0.562461444178
w2:-0.105691692965
w3:0.520037729313
