w1:0.267976395171
w2:0.437652355592
w3:0.28492336672
