w1:0.148330913091
w2:0.718195985061
w3:0.123385223366
