w1:0.41587663117
w2:0.225579576087
w3:0.343997823906
