w1:0.56201988252
w2:-0.142546081961
w3:0.565519838329
