w1:0.385325358974
w2:0.256772581994
w3:0.356400308266
