w1:0.538286419763
w2:-0.0855180125983
w3:0.544773950687
