w1:0.300353948768
w2:0.362493016032
w3:0.337204429829
