w1:0.304196474026
w2:0.326947834798
w3:0.358980298968
