w1:0.327291281649
w2:0.325891977009
w3:0.324301498453
