w1:1.04010096681
w2:-1.10560211368
w3:1.04496290947
