w1:0.365568797024
w2:0.144495533866
w3:0.471769067732
