w1:0.669543277189
w2:-0.341179438456
w3:0.676792488945
