w1:0.398116130581
w2:0.181592463476
w3:0.405277690584
