w1:0.333666440954
w2:0.32614543652
w3:0.331066110236
