w1:0.813927789264
w2:-0.745082395508
w3:0.911279024887
