w1:0.453893835385
w2:-0.000586111107861
w3:0.543839901105
