w1:1.05245828861
w2:-1.13450984492
w3:1.06147463695
