w1:0.312385476738
w2:0.386225048663
w3:0.284336499951
