w1:0.857929425916
w2:-0.792114126128
w3:0.918037930544
