w1:0.437849279884
w2:0.106228768013
w3:0.44897349371
