w1:0.276740425141
w2:0.43587944181
w3:0.264069181253
