w1:0.11654655003
w2:0.746027391728
w3:0.119219969235
