w1:0.421215879546
w2:0.146774865109
w3:0.431954119333
