w1:0.326231197584
w2:0.330423695986
w3:0.325684368729
