w1:0.34626329085
w2:0.310323227363
w3:0.346603203388
