w1:0.370507689514
w2:0.298713841753
w3:0.329804098756
