w1:0.796679350696
w2:-0.685953030904
w3:0.874211958474
