w1:0.476557561175
w2:0.0444164133353
w3:0.464801964953
