w1:0.314861962215
w2:0.33014278629
w3:0.336165645822
