w1:0.122516167408
w2:0.735434767417
w3:0.122956435723
