w1:0.82441435546
w2:-0.712906582425
w3:0.876628418225
