w1:0.501198247352
w2:-0.0228934642727
w3:0.481759680839
