w1:0.228430966163
w2:0.294226203028
w3:0.462566879837
