w1:0.453174839732
w2:0.0493288830837
w3:0.457208834544
