w1:0.331047066677
w2:0.324751590731
w3:0.314802791449
