w1:0.320834541516
w2:0.265432876941
w3:0.375392381786
