w1:0.312948098135
w2:0.320712567084
w3:0.328450009338
