w1:0.36382716653
w2:0.254282817682
w3:0.344278864565
