w1:0.326719307786
w2:0.325213483734
w3:0.320383985961
