w1:0.394392222084
w2:0.272208643176
w3:0.301251576664
