w1:0.313234339822
w2:0.334902910011
w3:0.338372837113
