w1:0.416641220947
w2:0.202858458669
w3:0.372518735195
