w1:0.338123936381
w2:0.329880521202
w3:0.33558755209
