w1:0.329816988044
w2:0.323980961981
w3:0.333451300316
