w1:0.303743574036
w2:0.34453436719
w3:0.334933660968
