w1:0.355958948707
w2:0.247679454841
w3:0.394973410879
