w1:0.325300186595
w2:0.326558186511
w3:0.333355300579
