w1:0.356990479006
w2:0.287399250025
w3:0.356788879834
