w1:0.258432557859
w2:0.514390920222
w3:0.208912256685
