w1:0.331841219728
w2:0.32047151882
w3:0.328858223775
