w1:0.35250465366
w2:0.331669493088
w3:0.304335401183
