w1:0.110207560298
w2:0.764342868137
w3:0.105293396757
