w1:0.368708349535
w2:0.279082077338
w3:0.340580588225
