w1:0.747653601567
w2:-0.426948014032
w3:0.665304831403
