w1:0.405202238912
w2:0.2275013657
w3:0.354795906955
