w1:0.401040840735
w2:0.178345550877
w3:0.416275352267
