w1:0.468540415707
w2:0.00768832122134
w3:0.510181664236
