w1:0.541301648704
w2:-0.0835640589179
w3:0.54086954151
