w1:0.556619747714
w2:-0.13807788268
w3:0.558903670404
