w1:0.56618355746
w2:-0.154871692259
w3:0.566169247418
