w1:0.763586010313
w2:-0.520445071876
w3:0.748014275403
