w1:0.337440826485
w2:0.336055000407
w3:0.315377469361
