w1:1.1181254379
w2:-1.22508417436
w3:1.09616555065
