w1:0.404426651272
w2:0.123169987532
w3:0.45664667683
