w1:0.841703913491
w2:-0.64283746279
w3:0.791045941638
