w1:0.383301253276
w2:0.214701875188
w3:0.381702096843
