w1:0.391594440006
w2:0.217086418541
w3:0.392479943955
