w1:0.371820172448
w2:0.287824625938
w3:0.336956918756
