w1:0.324051665886
w2:0.324864967834
w3:0.326613021258
