w1:0.32534498365
w2:0.32499511705
w3:0.324611037651
