w1:0.34732420939
w2:0.32546877248
w3:0.306982702397
