w1:0.358603387887
w2:0.325783960278
w3:0.295805036077
