w1:0.313250205768
w2:0.322915760601
w3:0.338904909043
