w1:0.325998941532
w2:0.324971229869
w3:0.3239451482
