w1:0.34761064786
w2:0.32755403197
w3:0.309674519044
