w1:0.329576537257
w2:0.32790891076
w3:0.327771445204
