w1:0.504620430132
w2:-0.0662143628315
w3:0.527388508083
