w1:0.16847110222
w2:0.628906863048
w3:0.175876145801
