w1:0.266591961528
w2:0.378200725322
w3:0.350349359573
