w1:0.248432620836
w2:0.344887429478
w3:0.389120849838
