w1:0.226242944392
w2:0.493345612797
w3:0.260317798388
