w1:0.329380728543
w2:0.263358198583
w3:0.380245411924
