w1:0.49225294454
w2:-0.0395345491554
w3:0.51924781225
