w1:0.327006983032
w2:0.338202110921
w3:0.322690736115
