w1:0.41914769103
w2:0.153791511086
w3:0.408705150349
