w1:0.3930670328
w2:0.315448311375
w3:0.274482220476
