w1:0.248996030208
w2:0.658821239604
w3:0.0978071309173
