w1:0.209167453484
w2:0.663957135887
w3:0.139875219483
