w1:0.321655852243
w2:0.324793730834
w3:0.327968327636
