w1:0.324303150786
w2:0.324883143235
w3:0.325774083005
