w1:0.393336807272
w2:0.152045480525
w3:0.448674252584
