w1:0.319959981496
w2:0.324534125856
w3:0.329343861266
