w1:0.49941448784
w2:-0.0193996509365
w3:0.514256679775
