w1:0.31900725104
w2:0.324989046984
w3:0.331350209894
