w1:0.448909966744
w2:0.267569790153
w3:0.273983887872
