w1:0.326111220015
w2:0.325017404182
w3:0.321763259738
