w1:0.322144233993
w2:0.326800899147
w3:0.325593751793
