w1:0.305175293026
w2:0.30237939236
w3:0.36379824678
