w1:0.322373831107
w2:0.131889607101
w3:0.507517232455
