w1:0.319852924392
w2:0.24898228484
w3:0.393269477952
