w1:0.43922867176
w2:0.179666650715
w3:0.343525464289
