w1:0.394367579026
w2:0.248198157079
w3:0.329120544818
