w1:0.307679718377
w2:0.171577718883
w3:0.498220026743
