w1:0.4385063592
w2:0.106080091614
w3:0.466409356446
