w1:0.543669923699
w2:-0.0776229739534
w3:0.532014879149
