w1:0.574590331104
w2:-0.171251444851
w3:0.598148890845
