w1:1.07945043284
w2:-1.29360077462
w3:1.19838412164
