w1:0.22884108633
w2:0.529210071501
w3:0.228166141096
