w1:0.341300116776
w2:0.317004680136
w3:0.341670061352
