w1:0.445431245469
w2:0.0671321016126
w3:0.467995345251
