w1:0.360842373805
w2:0.271717862025
w3:0.361306549356
