w1:0.425787375998
w2:0.185545863943
w3:0.375884504203
