w1:0.419568398778
w2:0.132642811108
w3:0.425603613863
