w1:0.393341374954
w2:0.235305290397
w3:0.371781244682
