w1:0.492979028095
w2:-0.0488218492615
w3:0.552718028301
