w1:0.413057165056
w2:0.234614145471
w3:0.342840356828
