w1:0.66194808632
w2:-0.412751961804
w3:0.736567017256
