w1:0.698004386407
w2:-0.407986861899
w3:0.701090883396
