w1:1.13031538675
w2:-1.25614292467
w3:1.10654596964
