w1:0.324920068252
w2:0.326147884378
w3:0.326616354901
