w1:0.782635470897
w2:-0.590553710682
w3:0.785554011653
