w1:0.324759988773
w2:0.321894803954
w3:0.331494257767
