w1:0.361429802537
w2:0.329936329738
w3:0.304792267122
