w1:0.398901647629
w2:0.0280316087749
w3:0.567315733078
