w1:0.325377523969
w2:0.324979262574
w3:0.324582222839
