w1:0.381227704783
w2:0.320259884563
w3:0.274108935908
