w1:0.316580943731
w2:0.327239746704
w3:0.342108120557
