w1:0.311239370812
w2:0.326644787572
w3:0.345363704465
