w1:0.325951361959
w2:0.324972692995
w3:0.323995653788
