w1:0.264990324708
w2:0.280133371078
w3:0.446938937446
