w1:0.350654711534
w2:0.328211058786
w3:0.311228783177
