w1:0.321210053701
w2:0.324057885971
w3:0.326907451936
