w1:0.30203450741
w2:0.324976860193
w3:0.366881667635
