w1:0.3488418325
w2:0.347833747645
w3:0.297685404034
