w1:0.293196081272
w2:0.409982502653
w3:0.307008521389
