w1:0.338702412141
w2:0.333667407772
w3:0.303540444302
