w1:0.428377091794
w2:0.154464672235
w3:0.416066023374
