w1:0.332912099746
w2:0.324699529987
w3:0.320886710489
