w1:0.324354260437
w2:0.324873421248
w3:0.325354336669
