w1:0.328061290779
w2:0.293672643156
w3:0.370674288445
