w1:0.325729977427
w2:0.357427047405
w3:0.319990951938
