w1:0.326494133131
w2:0.309091633802
w3:0.355512816775
