w1:0.486856508548
w2:-0.00669717920266
w3:0.500471689673
