w1:0.327098063631
w2:0.334544359821
w3:0.326233997159
