w1:0.340270867603
w2:0.302397596481
w3:0.346692535571
