w1:0.293198756977
w2:0.380754757729
w3:0.332048981119
