w1:0.334532706404
w2:0.274580563892
w3:0.373081206131
