w1:0.522136861848
w2:-0.0407648971948
w3:0.518248312323
