w1:0.401211658674
w2:0.197670273939
w3:0.401173968692
