w1:0.284658751157
w2:0.397193304593
w3:0.309834456915
