w1:0.297910041739
w2:0.341345226741
w3:0.350410794001
