w1:0.344900888507
w2:0.309848264755
w3:0.345099762787
