w1:0.259455412785
w2:0.498247661722
w3:0.219989566352
