w1:0.393109163703
w2:0.139747746621
w3:0.447248806737
