w1:0.335518023691
w2:0.330492968721
w3:0.33728955786
