w1:0.175942851305
w2:0.64944491453
w3:0.158413288517
