w1:0.704279250838
w2:-0.414703406695
w3:0.688200424753
