w1:0.385610816272
w2:0.257657223181
w3:0.353355240078
