w1:0.41178112404
w2:0.15596950108
w3:0.409941148277
