w1:0.325190090428
w2:0.330559645224
w3:0.325160680718
