w1:0.321698724952
w2:0.379016833076
w3:0.298147302524
