w1:0.341819058998
w2:0.339612903124
w3:0.304404684252
