w1:0.319320568741
w2:0.360683725527
w3:0.312263814404
