w1:0.733302391581
w2:-0.453103519562
w3:0.713256007961
