w1:0.218198848246
w2:0.533617061263
w3:0.260821462918
