w1:0.312158451323
w2:0.344891410806
w3:0.338490692017
