w1:0.328697636949
w2:0.325333217869
w3:0.322272452705
