w1:0.32614238742
w2:0.324985770251
w3:0.323759821305
