w1:0.32357838082
w2:0.331572209685
w3:0.342076940453
