w1:0.324564418846
w2:0.324893156646
w3:0.325176270365
