w1:0.326053136345
w2:0.325108051237
w3:0.323839765818
