w1:0.307958914178
w2:0.333802497035
w3:0.336154943705
