w1:0.358832420295
w2:0.274132024047
w3:0.366825611138
