w1:0.335650400316
w2:0.325144086632
w3:0.315674888844
