w1:0.322722361925
w2:0.325049219252
w3:0.327502939026
