w1:0.346466716984
w2:0.271907003301
w3:0.368303737746
