w1:0.198081093708
w2:0.616137206048
w3:0.183375446745
