w1:0.322946282305
w2:0.328304860045
w3:0.327558613473
