w1:0.332149267811
w2:0.309698451968
w3:0.355411426235
