w1:0.349022760438
w2:0.294502243108
w3:0.341415010471
