w1:0.50437520866
w2:-0.0181581272817
w3:0.517036034882
