w1:0.380071119476
w2:0.319623865749
w3:0.289640992677
