w1:0.11890047927
w2:0.744452671456
w3:0.124380780194
