w1:0.307147991052
w2:0.327835522357
w3:0.352968191376
