w1:0.305021775991
w2:0.338099264305
w3:0.342765628091
