w1:0.334424560066
w2:0.338426238377
w3:0.296084985972
