w1:0.3617724271
w2:0.329409041869
w3:0.289677945274
