w1:0.403954070916
w2:0.229392071894
w3:0.337257248886
