w1:0.3739174805
w2:0.201536773833
w3:0.393368024224
