w1:0.335624734187
w2:0.360457787579
w3:0.278455699939
