w1:0.395152380355
w2:0.227616285821
w3:0.354194642004
