w1:0.323886234606
w2:0.327018333315
w3:0.323970180592
