w1:0.383051677211
w2:0.192794500145
w3:0.410588219299
