w1:0.313911659279
w2:0.323142793441
w3:0.328848917783
