w1:0.403857203383
w2:0.188097073183
w3:0.37415308671
