w1:0.312734963465
w2:0.308539461262
w3:0.348564385521
