w1:0.444451812173
w2:0.114164711184
w3:0.409893325519
