w1:0.352284903538
w2:0.337008855326
w3:0.295365477105
