w1:0.368327385666
w2:0.273216951834
w3:0.328980006141
