w1:0.300927651525
w2:0.338271217917
w3:0.342848030862
