w1:0.304496452335
w2:0.317392013986
w3:0.34903968218
