w1:0.343692199435
w2:0.269349425589
w3:0.353509521858
