w1:0.68281199965
w2:-0.405571552967
w3:0.702087124687
