w1:0.512996149349
w2:-0.0409475226106
w3:0.533733773924
