w1:0.342743295749
w2:0.326052100894
w3:0.315187047976
