w1:0.679800697078
w2:-0.381937553129
w3:0.686280122092
