w1:0.12207903366
w2:0.733819055738
w3:0.153231809991
