w1:0.456111816268
w2:0.0333568567193
w3:0.491657815099
