w1:0.980745203163
w2:-0.873527654354
w3:0.878450223893
