w1:0.392470052317
w2:0.21594468549
w3:0.391656783267
