w1:0.578426035504
w2:-0.148919396955
w3:0.555590681723
