w1:0.315986679059
w2:0.241607172929
w3:0.430799997116
