w1:0.335940722132
w2:0.326289297866
w3:0.337737007768
