w1:0.325706993913
w2:0.325062976944
w3:0.324220330294
