w1:0.324460797394
w2:0.32493807966
w3:0.325390948511
