w1:0.284235964029
w2:0.331533883012
w3:0.371007599273
