w1:0.325377290936
w2:0.324992121235
w3:0.324600850641
