w1:0.258799278807
w2:0.335086522756
w3:0.389448169061
