w1:0.327441007857
w2:0.325313844914
w3:0.322433835144
