w1:0.379765942712
w2:0.313027261948
w3:0.303496847295
