w1:0.372537318041
w2:0.257806354801
w3:0.372111988429
