w1:0.435701896208
w2:0.0547520333578
w3:0.505121357756
