w1:0.323109241479
w2:0.345663967799
w3:0.32090995112
