w1:0.495575206762
w2:0.0127866403938
w3:0.492430653777
