w1:0.290471532663
w2:0.484335112544
w3:0.221877630455
