w1:0.265526500754
w2:0.520744954937
w3:0.206447586791
