w1:0.328745287574
w2:0.329359996664
w3:0.322364592916
