w1:0.563943271691
w2:-0.12302288498
w3:0.542173993283
