w1:0.255521903111
w2:0.493077502997
w3:0.254771365532
