w1:0.4414367578
w2:0.170592179152
w3:0.359156067311
