w1:0.323206192259
w2:0.352567815014
w3:0.321831592022
