w1:0.350425342085
w2:0.346820672774
w3:0.29393095611
