w1:0.348981108051
w2:0.301173292105
w3:0.328805943969
