w1:0.325755823653
w2:0.288779222738
w3:0.350976668139
