w1:0.570403076895
w2:-0.117484184372
w3:0.528487976185
