w1:0.325193550649
w2:0.327321286821
w3:0.321322823711
