w1:0.406391126827
w2:0.0929495923134
w3:0.472160731628
