w1:0.316072047445
w2:0.326268449884
w3:0.330653271321
