w1:0.366924346663
w2:0.328415374959
w3:0.29642414259
