w1:0.331709614614
w2:0.306191405667
w3:0.357707586991
