w1:0.324732446159
w2:0.343214705158
w3:0.328928495277
