w1:0.337069686457
w2:0.326217545217
w3:0.316600851146
