w1:0.318740669616
w2:0.325939755297
w3:0.330318686706
