w1:0.324198967232
w2:0.324875229117
w3:0.325506978594
