w1:0.339793153308
w2:0.321602540409
w3:0.336519040475
