w1:0.341467828273
w2:0.325299973388
w3:0.310693746919
