w1:0.32430646213
w2:0.324981799527
w3:0.325656322774
