w1:0.325675426224
w2:0.325043202191
w3:0.324231276236
