w1:0.349512019768
w2:0.333192784946
w3:0.294056905932
