w1:0.322039324385
w2:0.325097103092
w3:0.328333824816
