w1:0.388346145302
w2:0.316659717728
w3:0.287544428207
