w1:0.42253176965
w2:0.258736749329
w3:0.301096070381
