w1:0.312640397639
w2:0.325214429045
w3:0.340490267265
