w1:0.32248724245
w2:0.24643998521
w3:0.41905722973
