w1:0.319044805108
w2:0.325674604344
w3:0.332960333112
