w1:0.370322081359
w2:0.264308824441
w3:0.365180933604
