w1:0.325382449366
w2:0.324990770242
w3:0.324599904575
