w1:0.328838243023
w2:0.325283474857
w3:0.321972124945
