w1:0.166586796504
w2:0.412410010072
w3:0.40338445319
