w1:0.338926615346
w2:0.326305765698
w3:0.315765406313
