w1:0.351299925197
w2:0.32875774579
w3:0.312184551873
