w1:0.33970549561
w2:0.344384146219
w3:0.29201181406
