w1:0.313213752485
w2:0.307994817642
w3:0.355626902246
