w1:0.324512001975
w2:0.325003736826
w3:0.325438842726
