w1:0.318499084499
w2:0.32562067241
w3:0.334652147108
