w1:0.328943681101
w2:0.322770527615
w3:0.315406510823
