w1:0.225783833504
w2:0.346337969512
w3:0.409309599258
