w1:0.456929459194
w2:-0.0224607069287
w3:0.524034720726
