w1:0.521800118296
w2:0.11318875611
w3:0.339184048211
