w1:0.580958442365
w2:-0.0980722622198
w3:0.476439468918
