w1:0.444188997298
w2:0.295331144469
w3:0.23261547489
