w1:0.326893883937
w2:0.326424873363
w3:0.321644370602
