w1:0.345791303366
w2:0.299860908317
w3:0.327497050766
