w1:0.306159163103
w2:0.305155396586
w3:0.349363490936
