w1:0.328966373676
w2:0.325448679121
w3:0.32226844164
