w1:0.317706190348
w2:0.325443288921
w3:0.333620898481
