w1:0.338784762812
w2:0.327693142977
w3:0.319535588395
