w1:0.325557208461
w2:0.324986261793
w3:0.324410431761
