w1:0.320954869068
w2:0.324988327221
w3:0.331088316877
