w1:0.325590731198
w2:0.324991222277
w3:0.324377875403
