w1:0.324234066691
w2:0.324981208898
w3:0.325729165429
