w1:0.29692064272
w2:0.307530504798
w3:0.38805422652
