w1:0.322577031934
w2:0.325851965525
w3:0.327409036689
