w1:0.339086300446
w2:0.33785268916
w3:0.310927869793
