w1:0.322243816961
w2:0.328649777065
w3:0.32928499204
