w1:0.356710368075
w2:0.291425248942
w3:0.35194453673
