w1:0.655035019052
w2:-0.345189296419
w3:0.685753765251
