w1:0.578975031015
w2:-0.160017352973
w3:0.562224736128
