w1:0.325397125709
w2:0.336018977265
w3:0.327909755108
