w1:0.0973283278337
w2:0.675021110913
w3:0.214996503144
