w1:0.369203515624
w2:0.258584801574
w3:0.374835307482
