w1:0.237407305402
w2:0.48693719905
w3:0.25475452896
