w1:0.309930769546
w2:0.34251488634
w3:0.343532910748
