w1:0.326408443894
w2:0.325218927545
w3:0.323541488453
