w1:0.324570485415
w2:0.324989449271
w3:0.325408819888
