w1:0.323687956459
w2:0.326767410168
w3:0.335743717593
