w1:0.30470327658
w2:0.37636960318
w3:0.317826870443
