w1:0.324573186305
w2:0.324989302124
w3:0.325404197662
