w1:0.342005286978
w2:0.323456520305
w3:0.31036858612
