w1:0.341251821355
w2:0.32657120729
w3:0.313034783889
