w1:0.325831189325
w2:0.325387659263
w3:0.32401652478
