w1:0.322463833089
w2:0.327277494771
w3:0.340072707012
