w1:0.442854987894
w2:0.224881826827
w3:0.320223407757
