w1:0.278872338051
w2:0.359209266763
w3:0.344788547224
