w1:0.32633080438
w2:0.348634813113
w3:0.324922863441
