w1:0.32277955342
w2:0.325246939364
w3:0.328114441949
