w1:0.306288672224
w2:0.351500183247
w3:0.321900945391
