w1:0.227806268594
w2:0.383805703694
w3:0.380759744852
