w1:0.355218875625
w2:0.298167517756
w3:0.346564877067
