w1:0.310962782486
w2:0.325174071014
w3:0.343162542552
