w1:0.440189694711
w2:0.238414256931
w3:0.306084410841
