w1:0.354889897063
w2:0.311933383679
w3:0.311957635973
