w1:0.322157239883
w2:0.241653959195
w3:0.404608379588
