w1:0.350333259587
w2:0.333591367305
w3:0.295541209674
