w1:0.28100404355
w2:0.269322861609
w3:0.416260441912
