w1:0.334665483765
w2:0.32464774697
w3:0.310950988944
