w1:0.343418910227
w2:0.258757193041
w3:0.367960639026
