w1:0.409516385542
w2:0.250854510827
w3:0.312831300217
