w1:0.325315579905
w2:0.322158077396
w3:0.318642399465
