w1:0.325101198129
w2:0.325051895136
w3:0.331714082597
