w1:0.324517746769
w2:0.324988442636
w3:0.325459545328
