w1:0.339749955526
w2:0.323596776053
w3:0.312748006878
