w1:0.346530024814
w2:0.329132084875
w3:0.314642113729
