w1:0.402554879005
w2:0.144108655534
w3:0.452585651337
