w1:0.325389835126
w2:0.32497973343
w3:0.324570446236
