w1:0.324101492881
w2:0.32498148696
w3:0.325779848936
