w1:0.36024113592
w2:0.326873754381
w3:0.296816383434
