w1:0.324688322024
w2:0.32488680553
w3:0.324710011975
