w1:0.384176419292
w2:0.278872394571
w3:0.311330269624
