w1:0.260473356914
w2:0.444868028467
w3:0.289745159313
