w1:0.294018258845
w2:0.355346537357
w3:0.355385246093
