w1:0.386896525663
w2:0.236676317883
w3:0.3549890197
