w1:0.36886716417
w2:0.26250280986
w3:0.352002014249
