w1:0.306902787511
w2:0.291997733189
w3:0.382599053364
