w1:0.353596372569
w2:0.273240807057
w3:0.351254882498
