w1:0.324113020428
w2:0.329146679885
w3:0.324916017146
