w1:0.35317073505
w2:0.367357721393
w3:0.265365047671
