w1:0.359714822143
w2:0.257102366097
w3:0.366148021485
