w1:0.265204196567
w2:0.497818464769
w3:0.240214419882
