w1:0.737991053351
w2:-0.443687933111
w3:0.70354483333
