w1:0.257664310667
w2:0.41416072288
w3:0.323764591098
