w1:0.442528759896
w2:0.0583008401976
w3:0.487208404068
