w1:0.474926962834
w2:0.0638993778197
w3:0.466400042572
