w1:0.316224602959
w2:0.337690103966
w3:0.33155310748
