w1:1.02656628699
w2:-1.08536313164
w3:1.04006708506
