w1:0.310117963595
w2:0.334316485102
w3:0.339759130946
