w1:0.473186716534
w2:0.0334334007605
w3:0.474530159636
