w1:0.450278202115
w2:0.14211991458
w3:0.399965751832
