w1:0.338795956219
w2:0.335556891251
w3:0.31344709153
