w1:0.334121483513
w2:0.349107913424
w3:0.306237412781
