w1:0.308377343464
w2:0.325045025567
w3:0.348533609504
