w1:0.304800171765
w2:0.327534858169
w3:0.353134062648
