w1:0.238717769718
w2:0.541481386674
w3:0.215386782456
