w1:0.377173147784
w2:0.250619782569
w3:0.377495656674
