w1:0.561834391296
w2:-0.159508391836
w3:0.592093766506
