w1:0.325166290549
w2:0.339494750297
w3:0.30660926294
