w1:0.415405460182
w2:0.118151775577
w3:0.441168079384
