w1:0.367451053266
w2:0.397907968233
w3:0.20758141795
