w1:0.319254615704
w2:0.330304753406
w3:0.330014145619
