w1:0.328796615872
w2:0.324004643152
w3:0.318479500917
