w1:0.155458324109
w2:0.601963019548
w3:0.245277452485
