w1:0.413468059838
w2:0.174197405366
w3:0.39659873973
