w1:0.304477990418
w2:0.36656162694
w3:0.317113873495
