w1:0.392892936906
w2:0.2325995922
w3:0.348714423923
