w1:0.290350630491
w2:0.382808804227
w3:0.300246470067
