w1:0.381852680565
w2:0.293078169928
w3:0.305069238549
