w1:0.3003017499
w2:0.329183835795
w3:0.343684980742
