w1:0.365441609734
w2:0.273579484164
w3:0.335077019907
