w1:0.366997741136
w2:0.311525552722
w3:0.309889526624
