w1:0.300973188436
w2:0.37048151004
w3:0.297957855914
