w1:0.490589617988
w2:0.0427327382729
w3:0.441040752683
