w1:0.41352290222
w2:0.114457169911
w3:0.436914580215
