w1:0.328807664496
w2:0.332189475948
w3:0.321605595686
