w1:1.19518940838
w2:-1.32884963145
w3:1.11156949851
