w1:0.499768950992
w2:-0.0369581220385
w3:0.535725592653
