w1:0.377067819428
w2:0.234679809955
w3:0.369095304783
