w1:0.343788560112
w2:0.265564149293
w3:0.391034879255
