w1:0.323412882468
w2:0.325724526019
w3:0.328607984343
