w1:1.03898357219
w2:-1.12757937166
w3:1.0649865119
