w1:0.634438718542
w2:-0.266270904258
w3:0.623369519679
