w1:0.363404097546
w2:0.268846976255
w3:0.376452652186
