w1:0.329239328317
w2:0.327293264642
w3:0.322688361727
