w1:0.316008685417
w2:0.319789434835
w3:0.323486325541
