w1:0.301154748451
w2:0.287647412964
w3:0.379778814847
