w1:0.306039367475
w2:0.323054933464
w3:0.338741421231
