w1:0.299441276433
w2:0.325963032821
w3:0.355823699267
