w1:0.327472551974
w2:0.31971019865
w3:0.312512721076
