w1:0.434353734843
w2:0.227400643579
w3:0.307850370582
