w1:0.328055626426
w2:0.326226091883
w3:0.320458960832
