w1:0.317233948859
w2:0.322642095877
w3:0.327255278411
