w1:0.491248656627
w2:0.130888607928
w3:0.336040525871
