w1:0.812397089851
w2:-0.701527567782
w3:0.87365268019
