w1:0.708155533819
w2:-0.515523054408
w3:0.792933644863
