w1:0.347870114872
w2:0.2645454424
w3:0.370250890484
