w1:0.756566078868
w2:-0.491002588983
w3:0.721407205464
