w1:0.232832512776
w2:0.565894437803
w3:0.185850627514
