w1:0.409417337466
w2:0.179357310462
w3:0.411377072028
