w1:0.323559280675
w2:0.326961365107
w3:0.327433181083
