w1:0.528412427101
w2:-0.0764439612891
w3:0.540099768374
