w1:0.827671384075
w2:-0.694841649353
w3:0.844824760656
