w1:0.330442018362
w2:0.341870172955
w3:0.312623919884
