w1:0.432564920642
w2:0.116083803861
w3:0.41788841481
