w1:0.249050399823
w2:0.56163637306
w3:0.175191011368
