w1:0.35365774179
w2:0.298108483882
w3:0.329569994224
