w1:0.402961381144
w2:0.20535724803
w3:0.364445788574
