w1:0.375078247676
w2:0.327386429774
w3:0.27149758156
