w1:0.31163429239
w2:0.305871287801
w3:0.358449096116
