w1:0.451141040026
w2:0.0647818125523
w3:0.453192165071
