w1:0.315507683367
w2:0.335649038992
w3:0.325803265836
