w1:0.325465479459
w2:0.324988265104
w3:0.32451145758
