w1:0.316055290402
w2:0.324771617512
w3:0.334551388537
