w1:0.333539187599
w2:0.327104768398
w3:0.321787608986
