w1:0.294593677508
w2:0.341305613605
w3:0.355734507106
