w1:0.324408264206
w2:0.324983718096
w3:0.32555795108
