w1:0.330987786277
w2:0.328628580566
w3:0.315849523042
