w1:0.319199574056
w2:0.326694761202
w3:0.334852436978
