w1:0.324957609878
w2:0.324844057137
w3:0.324646057231
