w1:0.379655212734
w2:0.204674355307
w3:0.41364742501
