w1:0.426377975543
w2:0.0536079656776
w3:0.512230398174
