w1:0.323559882488
w2:0.326951753147
w3:0.332652032344
