w1:0.306276110318
w2:0.408207848262
w3:0.274097885547
