w1:0.772316453753
w2:-0.59750160451
w3:0.815366772758
