w1:0.293064928423
w2:0.367929831961
w3:0.332912163425
