w1:0.320337690609
w2:0.266398709279
w3:0.401688680393
