w1:0.496123736825
w2:-0.0562625236708
w3:0.55528633405
