w1:0.317351922797
w2:0.335530109086
w3:0.33002288637
