w1:0.906123500866
w2:-0.857314799925
w3:0.931396434171
