w1:0.241503377911
w2:0.550626133838
w3:0.216985884058
