w1:0.31869443623
w2:0.331252930807
w3:0.346695222519
