w1:0.330430197883
w2:0.325474970003
w3:0.318913089561
