w1:0.302706214574
w2:0.366455561888
w3:0.328198205751
