w1:0.325397706833
w2:0.324989332711
w3:0.324581365336
