w1:0.324316135248
w2:0.324966220746
w3:0.325608571978
