w1:0.353224392376
w2:0.319268058464
w3:0.325120520411
