w1:0.316980031709
w2:0.324817579611
w3:0.333155866133
