w1:0.346955281171
w2:0.283584431919
w3:0.367470033652
