w1:0.328192680217
w2:0.328568335931
w3:0.330134114876
