w1:0.325714436087
w2:0.324980763402
w3:0.324246683574
