w1:0.358980903008
w2:0.278607326897
w3:0.3622719603
