w1:0.327783726862
w2:0.325660013619
w3:0.324128612194
