w1:0.322909258803
w2:0.325099964874
w3:0.327672412359
