w1:0.32547194794
w2:0.324939714846
w3:0.324391995644
