w1:0.322192227321
w2:0.325567438358
w3:0.327427781113
