w1:0.3045046161
w2:0.324665218683
w3:0.347744635314
