w1:0.325343703287
w2:0.324974760849
w3:0.324601746199
